|Размерность|Заполнение|     Время, нс     |    Память, байт   |
|           |          |----------------------------------------
|  матрицы  |    %     |Простая|Разреженная|Простая|Разреженная|
----------------------------------------------------------------
|           |     1    |   8   |     20    |       |    136    |
|    10     |     5    |   10  |     37    |  440  |    168    |
|           |    20    |   11  |     53    |       |    288    |
|           |    50    |   15  |    116    |       |    528    |
|           |    100   |   14  |    137    |       |    929    |
----------------------------------------------------------------
|           |     1    |  309  |    109    |       |   2008    |
|    100    |     5    |  181  |    810    | 40400 |   5208    |
|           |    20    |  283  |   1592    |       |   17208   |
|           |    50    |  429  |   2031    |       |   41208   |
|           |    100   |  538  |   3056    |       |   81208   |
----------------------------------------------------------------
|           |     1    |  2704 |    151    |       |   26008   |
|    500    |     5    |  3145 |   3056    |1002000|  106008   |
|           |    20    |  4025 |   9578    |       |  406008   |
|           |    50    |  6362 |   18573   |       |  1006008  |
|           |    100   |  8364 |   26385   |       |  2006008  |
----------------------------------------------------------------
|           |     1    | 11783 |    3403   |       |   92008   |
|   1000    |     5    | 11375 |    9463   |4004004|  412008   |
|           |    20    | 12643 |   34678   |       |  1612008  |
|           |    50    | 13043 |   67436   |       |  4012008  |
|           |    100   | 13954 |   85276   |       |  8012028  |
----------------------------------------------------------------