60
Дом
Петров
Дима
0
24
77
Слободы
676
837
22
12
2018
Дом
Кирквон
Глеб
1
20
81
Борисова
257
1376
16
9
2017
Общежитие
Петров
Катя
1
23
27
374
893
28
6
2019
Общежитие
Абрамян
Лев
1
20
76
62
2206
9
4
2019
Общежитие
Янько
Таня
1
20
61
569
2535
21
6
2017
Общежитие
Свон
Вова
1
21
82
138
1512
29
8
2017
Дом
Баришян
Глеб
0
20
40
Бауманская
110
284
9
2
2019
Общежитие
Лентрушан
Мария
0
22
87
541
413
13
5
2018
Общежитие
Клочко
Таня
0
22
15
636
1633
13
1
2019
Общежитие
Абрамян
Катя
1
21
24
350
153
4
12
2018
Дом
Клочко
Тимофей
0
24
42
Камчатская
448
2376
4
6
2018
Общежитие
Григорян
Егор
1
21
13
540
2364
4
6
2018
Дом
Петровенко
Иван
1
22
11
Красноярская
299
364
2
3
2018
Дом
Баришян
Вова
1
22
80
Красноярская
119
1831
24
7
2017
Общежитие
хелль
Лена
0
22
62
373
2102
3
3
2019
Дом
Петров
Лена
0
24
77
Тверская
41
30
29
11
2017
Общежитие
Сидоренко
Лев
0
21
42
220
1734
6
9
2017
Дом
Баришян
Катя
1
22
61
Ленина
10
2696
15
3
2019
Дом
Сидоренко
Лена
0
21
34
Бауманская
231
1752
25
3
2017
Общежитие
Лентрушан
Мария
0
21
15
517
377
19
11
2018
Дом
Кирквон
Егор
1
24
43
Ленина
257
755
4
2
2018
Общежитие
Янько
Таня
1
21
90
285
2590
7
1
2017
Дом
Ванидзе
Тимофей
0
24
96
Бауманская
398
2183
2
5
2018
Общежитие
Браун
Лев
1
20
53
333
1842
2
9
2017
Общежитие
Петровенко
Вова
1
24
9
564
1462
8
9
2018
Общежитие
Сидоренко
Оксана
0
20
57
18
2042
22
9
2019
Дом
Петровенко
Мария
1
22
91
Бауманская
169
2367
27
9
2017
Дом
Янько
Лев
0
21
85
Ленина
640
2753
9
10
2018
Общежитие
Ву
Егор
0
21
23
266
2081
3
11
2017
Общежитие
Петров
Лена
1
23
14
453
2436
3
12
2018
Общежитие
Баришян
Катя
0
20
75
643
2157
30
9
2019
Дом
Осипян
Оксана
1
20
8
Бауманская
167
1677
1
11
2018
Общежитие
Ву
Лена
1
22
31
53
516
27
1
2019
Общежитие
Янько
Мария
0
21
97
173
1672
7
4
2019
Общежитие
Абрамян
Глеб
0
23
88
466
1986
29
6
2019
Дом
Петров
Мария
0
23
60
Ленина
309
2285
4
7
2019
Общежитие
Баришян
Тимофей
1
20
92
538
1908
22
7
2019
Общежитие
Графян
Таня
1
22
40
614
750
7
7
2019
Дом
Абрамян
Оксана
1
20
65
Ленина
128
759
22
2
2017
Общежитие
Петров
Лена
1
21
80
668
2885
12
11
2017
Общежитие
Клочко
Глеб
0
20
51
327
1354
8
4
2019
Общежитие
Ванидзе
Геннадий
1
22
79
548
789
25
6
2017
Дом
Петров
Лев
1
23
53
Тюменская
495
723
16
5
2018
Общежитие
Осипян
Дима
0
20
64
374
674
26
2
2018
Общежитие
хелль
Геннадий
0
21
24
289
488
6
12
2018
Общежитие
Лентрушан
Лена
1
20
23
15
685
26
7
2019
Общежитие
Петровенко
Вова
0
20
10
113
900
7
2
2019
Дом
Григорян
Мария
0
21
8
Ленина
615
1860
9
6
2018
Дом
Петров
Егор
0
22
14
Басманная
456
506
28
12
2019
Дом
Осипян
Дима
0
22
32
Як
247
2583
1
3
2017
Общежитие
Осипян
Тимофей
1
24
100
333
2444
17
8
2017
Общежитие
Кирквон
Александр
1
21
87
404
1819
25
9
2019
Общежитие
Абрамян
Егор
1
22
79
547
479
1
1
2018
Общежитие
Абрамян
Лев
1
23
67
437
2211
21
8
2019
Общежитие
Свон
Егор
1
24
41
309
2513
28
12
2019
Общежитие
Графян
Вова
0
21
60
12
866
9
8
2019
Дом
Петров
Тимофей
0
24
45
Камчатская
246
2821
12
11
2018
Общежитие
Осипян
Геннадий
1
24
86
325
1281
3
9
2019
Дом
Осипян
Таня
0
20
79
Борисова
688
139
22
2
2018
Общежитие
Кирквон
Александр
1
23
42
313
1123
8
7
2019
