Игрушка кубик 1
blue
100 100 100
1
Куб
100 100 100
111 100 100
100 111 100
100 100 111
111 111 100
111 100 111
100 111 111
111 111 111
14
100 100 100
111 100 100
100 111 100
100 100 111
111 111 100
111 100 111
100 111 111
111 111 111
100 100 100 111 100 100 111 111 100 100 111 100
100 100 100 100 100 111 100 111 111 100 111 100
100 100 111 111 100 111 111 111 111 100 111 111
111 100 111 111 111 111 111 111 100 111 100 100
100 100 100 100 100 111 111 100 111 111 100 100
100 111 100 100 111 111 111 111 111 111 111 100
